$ANSIBLE_VAULT;1.1;AES256
39333830363139623538623664383061376261643937346437343037353439336636613436643532
6335386432646130626632353038396634663664366430620a346265333135633730643538646236
38366230623562313638393331386536323365316434336164386337623163376430653931353434
6563393163326164350a353730383037366266336465386132373036383230303965386230396431
33376433666532383463643461363332613862383732653737653835623664313233336637613037
36646637663133623036316436303566663037393461323262326665613966333964623965613339
31623133646330326564636365306133346234303061323936356330306564626239346235356336
64633831363461303838326533306162396334303661326130323363333430636562336462303865
34643564306435346133666535663630616533373561633032386636353463636332626338656363
61636263386139323137653064616664306533626562666562313731336231316333653264633864
63653564366137306462316661643832633234326636396563323565633061666333653262643133
36373338356432666232343463383165613437366436663831643663393630663933313237366164
65323462363466336134356164643732613862343036383263333939373139376233643434353231
38626364356237613136643561623130336262333166653337646165303234353933623562656233
32653063323762313436363064303439353836656638646464656332333638336566663861343562
38376366636539663763366561623464353966653634316166373332313031346466666164313938
36656336396366306634336461663665376263323963633964336234343165633730386163313235
61363362306465663336393037356463383133643962373133393665313932346565366262383732
38306531333437323430663031373830636337316365633665363564383734663239326431353431
65316664323265363163663030663463383734653638303761626237363839616638623766636235
3330
