$ANSIBLE_VAULT;1.1;AES256
30363936633130306336356164383033636334643234396431666335396461326632343662626265
3264313831376162313265636437616233313764636265310a313236636530376239626330386335
62363861663731333163303930396461626465643335396337346662616434613535613330643334
6131313737663830330a356134653564656166613037663938616332353038623335383063663165
65393962393632313333323765626164663730633431663739356561643563653831643337343239
63363237323532613530336339356361663738373637656261313036626163643166633366363336
34306636323530326334323434353232343061376163356435653539313135616561333965346465
30363930636534303738653237646263366461303330613863313830393966393266623734393263
61366635363561343662353461343637363965323364613439343934346264643538313638386664
36643431633732346534376533383337383137313562636361303434356361366236343339346365
31646635386439346263343138636133393136306561343230373531336261386439336265303837
35373833636131303763323932653430336230663638613864346434316161326233336263313164
66363361343665333864323166643132663530326662613633356365303138636433306435646564
31626634623736366338393961353762333231323862326235383335353237316634356434383235
35363661316430313931313733356163313331396539393738393838313063363138646661333730
38363938343963643265303566616336323633666338623439376564353236306261623734646362
33373561666661646437323333653537393032633236666362313736666565383864346439653433
39343330663863656236393931646138646463303863396566393839356664643633333932613062
65353838303534646138303662323138613831393162303234643466663632386635633563386164
62313636393263366232636631373566393761626333363031353737333038316430616562306266
38303035663337653966303364366663303139616661616336373536653230373937613137366166
39353333323439393566623266643461393166306630323166623561323833626235373564653335
39656364663137663334326335623938383733343565346564333264353534323138353830383731
63626366366538343330303538376635306466666533633034383131613238316634373439306434
62313433336563633932313437386363313337303963336532346466376464323238313131326666
65343834633663373065356133643162623332363032666163333763656364336139613233316530
65383832613563616531666361613962383536653861363666393631373861613561616133393064
31303134633233626166616161333432316361663165306364646235326431363161393534313735
35626533376230616530633337386639656538306538323336303536353538656363366234653566
32643132646335316265363931616563393635653066303164653336396635633137373934363736
35643734373936346565353330386134393566656136666666336539663534323463383133393535
32666263316464316234613335356365383163303532643331366566346163376438663363643064
30623266623066353163643761613232333631626636383135643033623235636432386431306632
37326637656338373761306231303538393731353865636530333663353938666262623439343133
383932626537313739376137633866363234
