$ANSIBLE_VAULT;1.2;AES256;ansible
63303433323663616330363034623034383630323533313333653039363666393936306135643465
3161306536376463326563643064653637383035336230300a643561653765666630653261626262
37373539333735643064306661396339623663383437386261396537306663633563313062303736
3432376262636235650a383333666539613262316238393431383166333234356431303936396563
61386131336463643231336237373333643962653961666536656562373430306663306364336239
61663362343839623036643266336261333364633636663534616137326439613433376135636434
62316631333434373931313061393736366538313461663139306637383030356465323037306535
64313639393163356162633435656466666638646265346132666437303762656431366164646361
38376436626539356531326162353338633839306565613132353130376232313238663435313666
39663738636432303834356563353364333466333531393561613063346562373566643766343832
62663237386565643561623732363761303331373662363731303833636363376264633464656137
66323831343265663031633731623665343235643662323538653061303539303233323439626637
64363836383336653662636437333564623530613939356639316266303830643537666163396534
31313666643834373934656434643436356466643930643633363539653735653031623936643933
32373864633833393961303062356164663731363933313031373561326637326338633137336134
30623037613733383738646637666136356364326535613330333337653436306138653637666363
32343161333335333538363861343366313562643539653036326231316136623630393839613663
62303763323739356239613437306664336638636365646235343463313830323463646566363364
33333665396364626137626236326664373037333836663636656161323133343265356133386235
30316534383734636237393063323066646632646265373864316666643839323963383032333461
33666462633562623434333835643262623435616437666465313564616333626335653266376533
66316537333063323166633936626130623830313738366366326239653938306132653531646139
62383264663965303739653962316633333866323637656332386362643430653931656331373732
61386538633430636665396335306365646534303066616339336531383466376630323530633739
38373065303765383437666434653065643739383861306164643065383333373061613739663436
32353261326135396338333335633461353561633430383863643436363063663235343032396236
31396632373435383232636461366361636634343830306230313539313366613830356562643965
64363132316430353931363932643433636638653231363931383435643535303466646438393731
63393330616465376262613761366132336430303139613232666566396265383738323139386639
31383766373366636537383062643339373262343161643764613130313331373138383433623637
36623462626336383337666637316631326430386438626438383564653039656464393261623463
32613462623731663366636565363230376563323566643736313066613536653566663862356238
61316438306234646331336162363430666339613133336261386334653163663339623235633238
34383963383234613765616235363831356238636366623339313961363037363264383462623661
31613636346562636635303464393863353832353162333034613632363139643833386261343036
30346132376361356661633761356461316532393334343133653036636664646339613939363834
31353532623634306461333665613661666136633030646631363734353263373862613262666661
35333162396162326539366164313666376236613766636532333338353036373038303030616161
63653335666236623362356233653165353364656537626534386239343931303966363463386139
39626362623162326237353662643331656466333031396436386638613563396438363034626664
64663062383537336435306266323062633633336131313161376233353932343136353032373735
34663732643438653838666561373463343135363466373835643464353733626539323065303330
31666564376461643035353236623838306435626435316335666433613165343931363439346238
65356266303037323965383663653164633461306335373166396162633137306139663562373135
38363538613634306433353737383865343837373035363031353039386437396235336530396132
38343065656633306135623634393136333138303862353166616638623565663134653037306165
333462633039343965613061623838623630
