$ANSIBLE_VAULT;1.2;AES256;ansible
39626637656139393062336339333463383731626539353533636132663361353864653662363336
6538383536623833326136663438333037393034666139640a383463623233663635386165373930
37373833306532393539636231363139666162646465666266656462343464323534623637666239
3562396661663262360a383266343735653062393338336434663439326234336531313237633331
38636439383838613439343334376262643564353361336538303234663464366261653036626537
39306433343834613062343335656237306230656431303334646665646666323965383635323339
37303431363966653834366439306166363338316164313831343736666330333563353537376136
39336239356237313036323062623139393231396135643435646236373137303065646333646430
35366465356665336364653437383239356364316561626238353431343961346431306636363766
38653536346366393163666262306166366436636336353431633763333631333439313966653166
36313937323234386434623737616263316264306433373365626665616666363363326234663164
31333339363464383033396365393135363530386533313539383430373435316661326166643937
34666338333034313936383939346564623635646431396435343131316361356362653833383037
36323430663466383665623361656533353739363139393730383465653236333534366639666162
66666361626330373137666162353839333036666336363361663331656131613633633062623439
63616133323965343463643562636334616539356330653764386263616539373462663464643263
30643538626363393834316164323838316564626662313937383736613138386334626466313863
31653431373864363930643062653465333862633634356539343663393237663937336664613739
39356365666461626231616432313631623231333162623631353132323138386664303238613538
35376465656338313864316565313865303533393737383164386531663962316265636464386237
3137
