$ANSIBLE_VAULT;1.2;AES256;ansible
36316565363861633835396463613832626363303762663638393765636566323932326430306264
6638643331303163646264376231393263626234323765300a353463306230396665653736356332
37353262356331363265613765653235373030366332646531623538636530396239386561633862
6533626166313934630a303634306139353932643030636236656331383665656338643461636565
61383433376138313364643839396135373631653835386632613063323262353065643061303162
63313233306538336138346337326438373562386631313566666535366432306438633962666133
32313437653933383261373531626163303436623665316236306636663132356534656633373065
30636263633636666165303963643031373363643261386266343232663631623662393139613930
66396632633639376163303036643631313564643031616437656635336139376235303432633636
36313163643166386666376131333938643266633163393031353861663533623339653931323935
38353032656434383561383337626233353832323739623961333833663934393633346462633565
63333037343162336534356433316662623439643066306661326534613732646237343438313764
32326461393663366237306433303634303662356166653134616238396233353835346664636438
65383737343736653766623333323064383334643635326235623932336138313564343832656239
32383661366632333335326335653131383263643637656437393865303066623163623961613930
62643537343466613766393365323636653065623437343430343339323264653162333563653165
31313731383536336636343838663439373765613266626565386564643333613532386231383332
32343863353636343636363530303232326437626439306266356336336232313137363938636264
62646565346439363665653838393166396564326537346666393634333835346131383833303365
62653133366536353335373761656137356236623039666564343339336535633334336534613362
62316233633331356431316562363032643963326238633935646535636366386637333031366562
34333135356236663563366366623330326463323936643336646331323863656330353366363037
38656334333263623734353965333461383661363461383239666330316338373036313530666366
31383365616362666630623935353939613932343731636366643362633134646661393465363435
37323464376530643032363835623830666338323766366336313634326333623364646430666434
61666435396232323338626464386231653231396161663538343839306264336165363031636131
30353133316437383237633038316161393638346635633235306530303665356262383737333638
63643461376534303562636532636133653733663765396136383064626566326463643736343263
61336334363939393530393364373131393362356638613837636436363530363764346162373231
64346636356639623834386130353131303939366337383433333366363761613031376665343635
61663463393565316564326632336664313263646236363236313539626338376466316164396666
34333532386532396238636433326434663566373237643539303830636265663763643838656262
37396566333234363031303937666530303833376162393536386130343464623135393931376563
34333035656337653765333961653735643364393864613138366561623332633766643034393435
30376437303633373463653061636362653730313737626633396337343665313637616631346637
34323063333364383533643766366534303632633037633536386638633266386661383961353234
37313465663832393739653866356538353238393636386438353962646539653565626339616331
30616433386661643936363462373736666236633230366436316337303065373966666438626234
30376665383734386264656265343239613963323730666461376132666431633661636436323161
38643731633265376539326630303630313037363730326231666538636131623737396336633532
3233
